4294967279,16
4294967279,14
4294967279,13
4294967279,12
4294967294,1421
4294967294,43
4294967294,92
4294967294,88
4294967294,104
4294967294,106
4294967294,166
4294967294,24
4294967294,189
4294967294,398
4294967294,190
4294967294,1022
4294967294,990
4294967294,41
4294967294,50
4294967294,473
4294967294,428
4294967294,44
4294967294,415
4294967294,51
4294967294,162
4294967294,161
4294967294,472
4294967294,7
4294967294,6
4294967294,61
4294967294,83
4294967278,127
4294967278,126
4294967278,123
4294967278,250
4294967278,122
4294967278,121
4294967278,120
4294967278,119
4294967278,244
4294967278,118
4294967278,117
4294967278,116
4294967278,115
4294967278,114
4294967278,236
4294967278,113
4294967278,112
4294967278,232
4294967278,111
4294967278,110
4294967278,109
4294967278,108
4294967278,107
4294967278,106
4294967278,105
4294967278,104
4294967278,103
4294967278,102
4294967278,101
4294967278,100
4294967278,99
4294967278,98
4294967278,97
4294967278,96
4294967278,95
4294967278,94
4294967278,93
4294967278,92
4294967278,91
4294967278,90
4294967278,89
4294967278,87
4294967278,86
4294967278,85
4294967278,84
4294967278,83
4294967278,82
4294967278,81
4294967278,80
4294967278,79
4294967278,78
4294967278,77
4294967278,76
4294967278,75
4294967278,74
4294967278,73
4294967278,72
4294967278,71
4294967278,70
4294967278,69
4294967278,68
4294967278,67
4294967278,66
4294967278,65
4294967278,64
4294967278,63
4294967278,62
4294967278,61
4294967278,60
4294967278,59
4294967278,58
4294967278,57
4294967278,56
4294967278,55
4294967279,70
4294967279,68
4294967279,65
4294967279,62
4294967279,59
4294967279,58
4294967279,56
4294967279,55
4294967279,54
4294967279,48
4294967279,46
4294967279,39
4294967279,38
4294967279,32
4294967279,28
4294967279,26
4294967279,22
4294967279,18
4294967279,15
4294967279,11
4294967279,10
4294967279,9
4294967279,8
4294967279,6
4294967279,5
4294967279,441
4294967279,7
13,4
4294967294,11
4294967294,972
4294967294,128
4294967294,186
4294967294,1
4294967294,424
4294967294,1423
4294967278,375
4294967279,4
4294967279,402
4294967294,107
4294967294,81
4294967278,374
4294967278,132
4294967279,440
4294967294,22
4294967294,17
4294967294,67
4294967294,99
4294967294,76
4294967278,131
4294967278,256
4294967279,439
4294967278,373
4294967278,347
4294967278,130
4294967279,438
4294967294,436
4294967294,1021
4294967294,1018
4294967294,147
4294967294,28
4294967294,27
4294967294,90
4294967294,86
4294967294,0
4294967278,372
4294967278,371
4294967278,129
4294967279,437
4294967279,436
4294967278,370
4294967278,128
4294967279,435
4294967279,434
4294967294,94
4294967294,96
4294967294,42
4294967278,254
40,4
4294967279,433
40,3
40,2
40,1
4294967279,432
4294967279,411
4294967279,0
4294967294,9
4294967278,369
4294967278,125
0,7
14,4
0,5
4294967278,368
4294967278,0
4294967278,124
4294967294,93
4294967294,95
4294967294,15
4294967294,12
4294967294,26
4294967294,25
4294967294,36
4294967294,52
4294967294,1035
4294967294,39
4294967294,1038
4294967294,82
4294967294,1023
4294967294,68
4294967279,431
4294967279,430
4294967278,367
4294967278,366
39,5
39,4
39,3
39,2
39,1
4294967278,365
4294967279,429
38,6
38,5
38,4
38,3
38,2
38,1
4294967278,364
37,4
37,3
37,2
37,1
36,5
36,4
36,2
36,1
35,4
35,3
35,2
35,1
34,4
34,3
34,2
34,1
33,4
33,3
33,2
33,1
32,4
32,3
32,2
32,1
31,4
31,3
31,2
31,1
30,4
30,3
30,2
30,1
4294967294,989
4294967294,988
29,4
29,3
29,2
29,1
28,4
28,3
28,2
28,1
4294967279,428
4294967279,427
4294967279,426
4294967278,363
4294967279,425
4294967279,424
4294967278,362
4294967278,361
4294967279,423
4294967279,422
4294967279,421
27,4
27,3
27,2
27,1
26,4
26,3
26,2
26,1
4294967278,360
4294967293,131
4294967293,130
4294967293,129
4294967293,128
4294967293,127
4294967293,126
4294967293,125
4294967293,124
4294967293,123
4294967293,122
4294967293,121
4294967293,120
4294967293,119
4294967293,118
4294967293,117
4294967293,116
4294967293,115
4294967293,114
4294967293,113
4294967293,112
4294967293,111
4294967293,110
4294967293,109
4294967293,108
4294967293,107
4294967293,106
4294967293,105
4294967293,104
4294967293,103
4294967293,102
